601124
177404
844498
370650
342526
25395
393967
967293
426018
348322
333877
820207
649545
364584
191409
752603
670087
496826
45749
511343
81777
650724
853580
128384
870628
741749
827844
153431
340087
200046
816219
658611
486906
847541
769058
24072
144504
530100
265222
930723
504193
938239
769445
136316
849058
748917
281007
779763
595970
873708
75619
327359
593307
227671
169296
909122
427207
94727
719221
758869
7175
530657
930592
70467
157131
486764
227515
298722
956712
463723
345092
991068
852015
345207
610156
246602
440796
142365
563591
500738
738639
820959
885999
853985
197548
835657
909691
843046
761314
421806
692654
287466
37223
985301
156151
618755
542169
705097
784236
177499
250559
868078
676946
921424
892706
426614
737315
376410
169398
745951
974777
54244
1406
361337
20977
700034
258886
584478
363109
78659
806301
621521
39622
844427
39177
195044
199124
645699
706235
587951
710852
513376
852599
189012
795581
674913
268491
879005
391957
304787
834360
672316
102611
390741
258871
471807
9355
325995
699229
845987
187518
512277
929439
776670
642152
354377
265528
840121
313515
571561
10677
904921
117338
345090
920254
256374
153673
177464
763683
817827
307482
221487
169536
884154
611399
260151
431892
311782
213791
567186
993215
313208
293716
207985
173775
761951
669485
815546
691752
706035
339452
670604
412573
530508
911379
933172
227295
32513
768982
508876
174703
176032
970215
436502
965019
197862
750659
219161
844537
805303
63047
276658
361326
462870
963273
865894
891643
115349
650304
525891
533745
107788
280095
817455
857072
250758
946203
177722
530741
758972
927788
22709
372108
801874
956903
211700
368430
823214
26074
476006
745229
578111
126678
873612
567192
407574
412845
778482
293786
932
263902
881504
630990
337146
301336
446727
376645
253874
347131
570637
748708
290894
266686
98995
465288
735420
230429
362577
285873
603321
664763
826155
803134
436353
348637
969323
81330
766139
278643
119581
586263
338892
711108
516974
585624
558163
438535
230117
120770
436643
805885
691498
678215
804147
263371
839971
850335
568428
303537
175691
319932
711939
669535
438667
650061
484985
771331
788467
248844
206486
857305
801322
500686
235862
464032
507773
482783
318535
230064
771504
27527
903002
672403
620847
417625
362464
487168
373825
368089
465508
392839
284768
126774
555995
322472
436330
709436
698713
465688
37176
854372
255115
200732
94528
145198
61941
893926
483540
265834
100081
495206
495749
716031
467126
419396
647003
446692
161440
726022
234983
238497
268500
243262
591004
915878
551173
829895
430224
126031
119482
623198
954495
992197
833451
297862
590606
602508
576974
436517
515887
816218
661503
98111
648139
387573
52981
924425
356686
678554
156196
648615
609298
209576
878620
413753
292383
902168
516025
567058
855630
378817
230988
759862
706710
561879
177539
70560
806115
225582
606828
849232
663997
509956
409951
413904
978113
660765
341451
88983
512360
275254
572453
504736
962852
52548
453763
62002
184710
528945
297813
755860
271664
109741
362974
220305
594056
753061
716421
365684
196877
684388
161980
865470
590121
404359
39982
774895
909062
347159
558016
856274
172273
539993
180723
51076
694339
428021
512290
508411
639731
904167
648895
108004
222815
993733
292330
110440
677337
952037
700226
678623
637962
684743
307041
6498
629648
632640
314890
828036
188485
839226
246762
472788
10491
469666
508141
328651
216201
395044
36339
131867
332433
224588
168456
872272
79123
800121
279306
131448
68420
27996
28372
702972
668412
797628
171058
544701
722638
754243
731405
151747
608982
698274
950854
481009
557214
699091
746896
687825
494333
897273
676019
201318
528763
987147
3775
325031
225088
282054
839176
452635
24752
459139
512940
378231
528180
568556
431747
967310
151702
765382
963956
26602
80900
811417
34645
323526
185856
991930
216489
787909
409539
116737
16926
868229
739055
647402
779228
793777
443793
973318
330542
607287
847231
969633
1401
182456
649050
480138
604633
336704
749340
424482
57079
808978
568960
793752
461369
872844
705050
43792
769815
194180
162232
905477
341506
405833
217866
360017
380311
158915
93350
160379
637821
254323
516702
479202
138975
138874
124258
451013
834468
170986
18707
597137
268187
513047
709118
460115
648314
393530
232085
302008
759777
734139
83596
463989
739994
259130
524746
128365
282727
59043
378685
226472
114682
833490
127564
375929
219473
273720
60044
985318
531029
602837
844245
91851
800756
394776
831886
337680
538241
499642
875912
11490
456817
237556
128097
615054
69160
635661
989199
806392
330173
505557
339176
979864
346895
106302
229321
287791
808609
853624
238354
285887
665517
466273
185168
380821
810441
696131
918742
366226
590580
300910
625423
107083
809452
215880
471019
326536
83357
921290
51149
463631
971430
628958
235950
329889
204498
216398
926440
75571
948161
80495
186771
115015
680468
542193
521489
619025
316684
193213
731055
275626
908602
25203
743334
799924
511211
6139
66537
537732
689187
40426
337184
70596
370442
718121
878623
735541
735779
501368
596050
118347
509961
249183
313763
11512
31313
576836
459309
41214
79608
831861
472410
268533
644036
384893
648401
239739
763127
426952
474335
320232
815086
802135
411721
364816
824289
591925
889230
541376
750452
387030
162713
465464
855453
138492
897750
605187
284812
808828
106979
553493
208198
606500
243393
915135
799256
905734
914380
368945
425506
298421
617001
244548
714716
933492
518404
796936
93300
624826
952046
465208
545839
361700
107858
152417
149516
358662
603515
205807
117010
432967
612518
870736
959121
599171
613099
451497
590774
993774
597499
270469
740411
460482
488238
306762
899022
139429
878016
922879
629814
981386
884886
477329
619177
525334
819712
787500
944657
540458
548151
542482
372779
665162
241433
772262
887324
156374
79402
639778
473110
649606
404874
918312
394595
758079
525161
306575
745938
38206
387454
699534
263652
77710
128906
172960
415550
828134
847958
5774
141293
124154
463980
867961
310657
75089
623730
25791
627349
804020
328544
34792
800356
396183
711021
180119
689521
330073
348507
59336
835949
634067
733904
22609
32905
99952
124373
510926
906393
299176
379243
686738
400201
584055
11095
347747
229398
548311
757594
100170
591594
816658
742439
556485
260833
607341
778368
364601
73201
911600
145229
625509
966118
53911
384599
731454
837138
631758
232063
219432
140624
394909
537762
268868
334566
712825
152309
549723
421825
102245
410621
8044
677268
283516
981162
940264
907363
695992
987037
970176
52443
783677
970735
935257
155143
279841
249570
278313
669057
909807
110448
939297
144446
658035
560456
745586
309374
813365
764410
176538
180582
325581
490899
228882
933096
964614
626524
428759
637977
520945
359620
454204
33919
299888
632140
909825
687331
775484
240506
619088
727663
891059
540797
460886
718345
93398
481839
295491
979826
578415
927460
688692
151800
610052
50213
347977
665502
175490
486313
718125
576736
519070
63665
470001
498973
782776
427963
